{"bin_ms":10,"frame_size":64,"bar_width":5,"T":3000,"gt":["LEFT","LEFT","LEFT","LEFT","LEFT","LEFT","LEFT","LEFT","LEFT","LEFT","LEFT","LEFT","LEFT","LEFT","LEFT","LEFT","LEFT","LEFT","LEFT","LEFT","LEFT","LEFT","LEFT","LEFT","LEFT","LEFT","LEFT","LEFT","LEFT","LEFT","LEFT","LEFT","LEFT","REST","REST","REST","REST","REST","REST","REST","REST","REST","REST","REST","REST","REST","REST","REST","REST","REST","REST","REST","REST","REST","REST","REST","REST","REST","REST","REST","REST","REST","REST","REST","REST","REST","REST","REST","REST","REST","REST","REST","REST","REST","REST","REST","REST","REST","REST","REST","REST","REST","REST","REST","REST","REST","REST","REST","REST","REST","REST","LEFT","LEFT","LEFT","LEFT","LEFT","LEFT","LEFT","LEFT","LEFT","LEFT","LEFT","LEFT","LEFT","LEFT","LEFT","LEFT","LEFT","LEFT","LEFT","LEFT","LEFT","LEFT","LEFT","LEFT","LEFT","LEFT","LEFT","LEFT","LEFT","LEFT","LEFT","LEFT","LEFT","LEFT","LEFT","LEFT","LEFT","LEFT","LEFT","LEFT","LEFT","LEFT","REST","REST","REST","REST","REST","REST","REST","REST","REST","REST","REST","REST","REST","REST","REST","REST","REST","REST","REST","REST","REST","REST","REST","REST","REST","REST","REST","REST","REST","REST","REST","REST","REST","REST","REST","REST","REST","REST","REST","RIGHT","RIGHT","RIGHT","RIGHT","RIGHT","RIGHT","RIGHT","RIGHT","RIGHT","RIGHT","RIGHT","RIGHT","RIGHT","RIGHT","RIGHT","RIGHT","RIGHT","RIGHT","RIGHT","RIGHT","RIGHT","RIGHT","RIGHT","RIGHT","RIGHT","RIGHT","RIGHT","RIGHT","RIGHT","RIGHT","RIGHT","RIGHT","RIGHT","RIGHT","RIGHT","RIGHT","RIGHT","RIGHT","RIGHT","RIGHT","RIGHT","RIGHT","RIGHT","RIGHT","RIGHT","RIGHT","RIGHT","RIGHT","RIGHT","RIGHT","RIGHT","RIGHT","RIGHT","RIGHT","RIGHT","RIGHT","RIGHT","RIGHT","RIGHT","RIGHT","RIGHT","RIGHT","RIGHT","RIGHT","RIGHT","REST","REST","REST","REST","REST","REST","REST","REST","REST","REST","REST","REST","REST","RIGHT","RIGHT","RIGHT","RIGHT","RIGHT","RIGHT","RIGHT","RIGHT","RIGHT","RIGHT","RIGHT","RIGHT","RIGHT","RIGHT","RIGHT","RIGHT","RIGHT","RIGHT","RIGHT","RIGHT","RIGHT","RIGHT","RIGHT","REST","REST","REST","REST","REST","REST","REST","REST","REST","REST","REST","REST","REST","REST","REST","REST","REST","REST","REST","REST","REST","LEFT","LEFT","LEFT","LEFT","LEFT","LEFT","LEFT","LEFT","LEFT","LEFT","LEFT","LEFT","LEFT","LEFT","LEFT","LEFT","LEFT","LEFT","LEFT","LEFT","LEFT","LEFT","LEFT","LEFT","LEFT","LEFT","LEFT","LEFT","LEFT","LEFT","LEFT","LEFT","LEFT","LEFT","LEFT","LEFT","LEFT","RIGHT","RIGHT","RIGHT","RIGHT","RIGHT","RIGHT","RIGHT","RIGHT","RIGHT","RIGHT","RIGHT","RIGHT","RIGHT","RIGHT","RIGHT","RIGHT","RIGHT","RIGHT","RIGHT","RIGHT","RIGHT","RIGHT","RIGHT","RIGHT","RIGHT","RIGHT","RIGHT","RIGHT","RIGHT","REST","REST","REST","REST","REST","REST","REST","REST","REST","REST","REST","REST","REST","REST","REST","REST","REST","REST","REST","REST","REST","REST","REST","REST","REST","REST","REST","REST","REST","REST","REST","REST","REST","REST","REST","REST","REST","REST","REST","REST","REST","REST","REST","REST","REST","REST","REST","REST","REST","REST","REST","REST","REST","REST","REST","REST","REST","REST","REST","REST","REST","REST","REST","REST","REST","REST","REST","REST","REST","REST","REST","REST","REST","LEFT","LEFT","LEFT","LEFT","LEFT","LEFT","LEFT","LEFT","LEFT","LEFT","LEFT","LEFT","LEFT","LEFT","LEFT","LEFT","LEFT","LEFT","LEFT","LEFT","LEFT","LEFT","LEFT","LEFT","LEFT","LEFT","RIGHT","RIGHT","RIGHT","RIGHT","RIGHT","RIGHT","RIGHT","RIGHT","RIGHT","RIGHT","RIGHT","RIGHT","RIGHT","RIGHT","RIGHT","RIGHT","RIGHT","RIGHT","RIGHT","RIGHT","RIGHT","RIGHT","RIGHT","RIGHT","RIGHT","RIGHT","RIGHT","RIGHT","RIGHT","RIGHT","RIGHT","RIGHT","RIGHT","RIGHT","RIGHT","RIGHT","RIGHT","RIGHT","RIGHT","RIGHT","RIGHT","RIGHT","RIGHT","RIGHT","RIGHT","LEFT","LEFT","LEFT","LEFT","LEFT","LEFT","LEFT","LEFT","LEFT","LEFT","LEFT","LEFT","LEFT","LEFT","LEFT","LEFT","LEFT","LEFT","LEFT","LEFT","LEFT","LEFT","LEFT","LEFT","LEFT","LEFT","LEFT","LEFT","LEFT","LEFT","LEFT","LEFT","LEFT","LEFT","LEFT","LEFT","LEFT","LEFT","LEFT","LEFT","LEFT","LEFT","LEFT","LEFT","LEFT","LEFT","LEFT","LEFT","LEFT","LEFT","LEFT","LEFT","LEFT","LEFT","LEFT","LEFT","LEFT","LEFT","LEFT","LEFT","RIGHT","RIGHT","RIGHT","RIGHT","RIGHT","RIGHT","RIGHT","RIGHT","RIGHT","RIGHT","RIGHT","RIGHT","RIGHT","RIGHT","RIGHT","RIGHT","RIGHT","RIGHT","RIGHT","RIGHT","LEFT","LEFT","LEFT","LEFT","LEFT","LEFT","LEFT","LEFT","LEFT","LEFT","LEFT","LEFT","LEFT","LEFT","LEFT","LEFT","LEFT","LEFT","LEFT","LEFT","LEFT","LEFT","LEFT","LEFT","LEFT","LEFT","LEFT","LEFT","LEFT","LEFT","LEFT","LEFT","LEFT","LEFT","LEFT","LEFT","LEFT","LEFT","LEFT","REST","REST","REST","REST","REST","REST","REST","REST","REST","REST","REST","REST","REST","REST","REST","REST","REST","REST","REST","REST","REST","REST","REST","REST","REST","REST","REST","REST","REST","REST","REST","REST","REST","REST","REST","REST","RIGHT","RIGHT","RIGHT","RIGHT","RIGHT","RIGHT","RIGHT","RIGHT","RIGHT","RIGHT","RIGHT","RIGHT","RIGHT","RIGHT","RIGHT","RIGHT","RIGHT","RIGHT","RIGHT","RIGHT","RIGHT","RIGHT","RIGHT","RIGHT","RIGHT","RIGHT","RIGHT","RIGHT","RIGHT","RIGHT","RIGHT","RIGHT","RIGHT","RIGHT","RIGHT","RIGHT","RIGHT","RIGHT","RIGHT","RIGHT","RIGHT","RIGHT","RIGHT","RIGHT","RIGHT","RIGHT","RIGHT","RIGHT","REST","REST","REST","REST","REST","REST","REST","REST","REST","REST","REST","REST","REST","REST","REST","REST","REST","REST","REST","REST","REST","REST","REST","REST","REST","REST","REST","REST","REST","REST","REST","REST","REST","REST","REST","REST","REST","REST","REST","REST","REST","REST","REST","REST","REST","REST","REST","REST","REST","RIGHT","RIGHT","RIGHT","RIGHT","RIGHT","RIGHT","RIGHT","RIGHT","RIGHT","RIGHT","RIGHT","RIGHT","RIGHT","RIGHT","RIGHT","RIGHT","RIGHT","RIGHT","RIGHT","RIGHT","RIGHT","RIGHT","RIGHT","RIGHT","RIGHT","RIGHT","RIGHT","RIGHT","RIGHT","RIGHT","RIGHT","RIGHT","RIGHT","RIGHT","RIGHT","RIGHT","RIGHT","RIGHT","RIGHT","RIGHT","RIGHT","RIGHT","RIGHT","RIGHT","RIGHT","RIGHT","RIGHT","RIGHT","RIGHT","RIGHT","RIGHT","RIGHT","RIGHT","RIGHT","RIGHT","RIGHT","RIGHT","RIGHT","RIGHT","RIGHT","RIGHT","RIGHT","REST","REST","REST","REST","REST","REST","REST","REST","REST","REST","REST","REST","REST","REST","REST","REST","REST","REST","REST","REST","REST","REST","REST","REST","REST","REST","REST","REST","REST","REST","REST","REST","REST","REST","REST","REST","REST","REST","REST","REST","REST","REST","REST","REST","REST","REST","REST","REST","REST","REST","REST","REST","REST","REST","REST","REST","REST","REST","RIGHT","RIGHT","RIGHT","RIGHT","RIGHT","RIGHT","RIGHT","RIGHT","RIGHT","RIGHT","RIGHT","RIGHT","RIGHT","RIGHT","RIGHT","RIGHT","RIGHT","RIGHT","RIGHT","RIGHT","RIGHT","LEFT","LEFT","LEFT","LEFT","LEFT","LEFT","LEFT","LEFT","LEFT","LEFT","LEFT","LEFT","LEFT","LEFT","LEFT","LEFT","LEFT","LEFT","LEFT","LEFT","LEFT","LEFT","LEFT","LEFT","RIGHT","RIGHT","RIGHT","RIGHT","RIGHT","RIGHT","RIGHT","RIGHT","RIGHT","RIGHT","RIGHT","RIGHT","RIGHT","RIGHT","RIGHT","REST","REST","REST","REST","REST","REST","REST","REST","REST","REST","REST","REST","REST","RIGHT","RIGHT","RIGHT","RIGHT","RIGHT","RIGHT","RIGHT","RIGHT","RIGHT","RIGHT","RIGHT","RIGHT","RIGHT","RIGHT","RIGHT","RIGHT","RIGHT","RIGHT","RIGHT","RIGHT","RIGHT","RIGHT","RIGHT","RIGHT","LEFT","LEFT","LEFT","LEFT","LEFT","LEFT","LEFT","LEFT","LEFT","LEFT","LEFT","LEFT","LEFT","LEFT","LEFT","LEFT","REST","REST","REST","REST","REST","REST","REST","REST","REST","REST","REST","REST","REST","REST","REST","REST","REST","REST","REST","REST","REST","REST","REST","REST","REST","REST","REST","REST","REST","REST","RIGHT","RIGHT","RIGHT","RIGHT","RIGHT","RIGHT","RIGHT","RIGHT","RIGHT","RIGHT","RIGHT","RIGHT","RIGHT","RIGHT","RIGHT","RIGHT","RIGHT","RIGHT","RIGHT","RIGHT","RIGHT","RIGHT","RIGHT","LEFT","LEFT","LEFT","LEFT","LEFT","LEFT","LEFT","LEFT","LEFT","LEFT","LEFT","LEFT","LEFT","LEFT","LEFT","LEFT","LEFT","LEFT","LEFT","LEFT","LEFT","LEFT","LEFT","LEFT","LEFT","LEFT","LEFT","LEFT","LEFT","LEFT","LEFT","LEFT","LEFT","LEFT","REST","REST","REST","REST","REST","REST","REST","REST","REST","REST","REST","REST","REST","REST","REST","REST","REST","REST","REST","REST","REST","REST","REST","REST","REST","REST","REST","REST","REST","REST","REST","LEFT","LEFT","LEFT","LEFT","LEFT","LEFT","LEFT","LEFT","LEFT","LEFT","LEFT","LEFT","LEFT","LEFT","LEFT","LEFT","LEFT","LEFT","LEFT","RIGHT","RIGHT","RIGHT","RIGHT","RIGHT","RIGHT","RIGHT","RIGHT","RIGHT","RIGHT","RIGHT","RIGHT","RIGHT","RIGHT","RIGHT","RIGHT","RIGHT","RIGHT","RIGHT","RIGHT","RIGHT","RIGHT","RIGHT","RIGHT","RIGHT","RIGHT","RIGHT","RIGHT","RIGHT","RIGHT","RIGHT","RIGHT","RIGHT","RIGHT","REST","REST","REST","REST","REST","REST","REST","REST","REST","REST","REST","REST","REST","REST","REST","REST","REST","REST","REST","REST","REST","REST","REST","REST","REST","REST","REST","REST","REST","REST","REST","REST","REST","REST","RIGHT","RIGHT","RIGHT","RIGHT","RIGHT","RIGHT","RIGHT","RIGHT","RIGHT","RIGHT","RIGHT","RIGHT","RIGHT","RIGHT","RIGHT","RIGHT","RIGHT","RIGHT","RIGHT","RIGHT","RIGHT","RIGHT","RIGHT","RIGHT","RIGHT","RIGHT","RIGHT","RIGHT","RIGHT","RIGHT","RIGHT","RIGHT","RIGHT","RIGHT","RIGHT","RIGHT","RIGHT","RIGHT","RIGHT","LEFT","LEFT","LEFT","LEFT","LEFT","LEFT","LEFT","LEFT","LEFT","LEFT","LEFT","LEFT","LEFT","LEFT","LEFT","LEFT","LEFT","LEFT","LEFT","LEFT","LEFT","LEFT","LEFT","LEFT","LEFT","LEFT","LEFT","LEFT","LEFT","LEFT","REST","REST","REST","REST","REST","REST","REST","REST","REST","REST","REST","REST","REST","REST","RIGHT","RIGHT","RIGHT","RIGHT","RIGHT","RIGHT","RIGHT","RIGHT","RIGHT","RIGHT","RIGHT","RIGHT","RIGHT","RIGHT","RIGHT","RIGHT","RIGHT","RIGHT","RIGHT","RIGHT","RIGHT","RIGHT","RIGHT","RIGHT","RIGHT","RIGHT","RIGHT","RIGHT","RIGHT","RIGHT","RIGHT","RIGHT","RIGHT","RIGHT","RIGHT","RIGHT","RIGHT","RIGHT","RIGHT","RIGHT","RIGHT","RIGHT","RIGHT","RIGHT","RIGHT","RIGHT","RIGHT","RIGHT","RIGHT","RIGHT","RIGHT","RIGHT","RIGHT","RIGHT","RIGHT","RIGHT","RIGHT","RIGHT","RIGHT","RIGHT","RIGHT","RIGHT","RIGHT","RIGHT","RIGHT","RIGHT","RIGHT","RIGHT","RIGHT","RIGHT","RIGHT","RIGHT","RIGHT","RIGHT","RIGHT","RIGHT","RIGHT","RIGHT","RIGHT","RIGHT","RIGHT","RIGHT","RIGHT","RIGHT","RIGHT","RIGHT","RIGHT","REST","REST","REST","REST","REST","REST","REST","REST","REST","REST","REST","REST","REST","REST","REST","REST","REST","REST","REST","REST","REST","REST","REST","REST","REST","REST","REST","REST","REST","REST","REST","LEFT","LEFT","LEFT","LEFT","LEFT","LEFT","LEFT","LEFT","LEFT","LEFT","LEFT","LEFT","LEFT","LEFT","LEFT","LEFT","LEFT","LEFT","LEFT","LEFT","LEFT","LEFT","LEFT","LEFT","LEFT","LEFT","LEFT","LEFT","LEFT","LEFT","LEFT","LEFT","LEFT","REST","REST","REST","REST","REST","REST","REST","REST","REST","REST","REST","REST","REST","REST","REST","REST","REST","REST","REST","REST","REST","REST","REST","REST","REST","REST","REST","REST","REST","REST","REST","REST","REST","REST","REST","REST","REST","REST","REST","REST","REST","REST","REST","REST","REST","REST","REST","REST","REST","REST","LEFT","LEFT","LEFT","LEFT","LEFT","LEFT","LEFT","LEFT","LEFT","LEFT","LEFT","LEFT","LEFT","LEFT","LEFT","LEFT","LEFT","LEFT","LEFT","LEFT","LEFT","LEFT","LEFT","LEFT","LEFT","LEFT","LEFT","REST","REST","REST","REST","REST","REST","REST","REST","REST","REST","REST","REST","REST","REST","REST","REST","REST","REST","REST","REST","REST","REST","REST","REST","REST","REST","REST","REST","REST","REST","REST","REST","REST","REST","REST","REST","REST","REST","REST","REST","REST","REST","REST","REST","REST","REST","REST","REST","REST","REST","REST","REST","REST","REST","RIGHT","RIGHT","RIGHT","RIGHT","RIGHT","RIGHT","RIGHT","RIGHT","RIGHT","RIGHT","RIGHT","RIGHT","RIGHT","RIGHT","RIGHT","RIGHT","RIGHT","RIGHT","RIGHT","RIGHT","RIGHT","RIGHT","RIGHT","RIGHT","RIGHT","RIGHT","LEFT","LEFT","LEFT","LEFT","LEFT","LEFT","LEFT","LEFT","LEFT","LEFT","LEFT","LEFT","LEFT","LEFT","LEFT","LEFT","LEFT","LEFT","LEFT","LEFT","LEFT","LEFT","LEFT","LEFT","LEFT","LEFT","LEFT","LEFT","LEFT","LEFT","LEFT","LEFT","REST","REST","REST","REST","REST","REST","REST","REST","REST","REST","REST","REST","REST","REST","REST","REST","REST","REST","REST","REST","REST","REST","REST","REST","REST","REST","REST","REST","REST","REST","REST","REST","REST","REST","REST","REST","REST","REST","REST","REST","REST","REST","REST","REST","REST","REST","REST","REST","REST","REST","REST","REST","REST","REST","REST","LEFT","LEFT","LEFT","LEFT","LEFT","LEFT","LEFT","LEFT","LEFT","LEFT","LEFT","LEFT","LEFT","LEFT","LEFT","LEFT","LEFT","LEFT","LEFT","LEFT","LEFT","LEFT","LEFT","LEFT","LEFT","LEFT","RIGHT","RIGHT","RIGHT","RIGHT","RIGHT","RIGHT","RIGHT","RIGHT","RIGHT","RIGHT","RIGHT","RIGHT","RIGHT","RIGHT","RIGHT","RIGHT","RIGHT","RIGHT","RIGHT","REST","REST","REST","REST","REST","REST","REST","REST","REST","REST","REST","REST","REST","REST","REST","REST","REST","REST","REST","REST","REST","REST","REST","REST","REST","REST","REST","REST","REST","REST","REST","REST","REST","RIGHT","RIGHT","RIGHT","RIGHT","RIGHT","RIGHT","RIGHT","RIGHT","RIGHT","RIGHT","RIGHT","RIGHT","RIGHT","RIGHT","RIGHT","RIGHT","LEFT","LEFT","LEFT","LEFT","LEFT","LEFT","LEFT","LEFT","LEFT","LEFT","LEFT","LEFT","LEFT","LEFT","LEFT","LEFT","LEFT","LEFT","LEFT","LEFT","LEFT","LEFT","RIGHT","RIGHT","RIGHT","RIGHT","RIGHT","RIGHT","RIGHT","RIGHT","RIGHT","RIGHT","RIGHT","RIGHT","RIGHT","RIGHT","RIGHT","RIGHT","RIGHT","RIGHT","RIGHT","RIGHT","RIGHT","RIGHT","RIGHT","RIGHT","RIGHT","RIGHT","RIGHT","RIGHT","RIGHT","RIGHT","RIGHT","RIGHT","RIGHT","RIGHT","RIGHT","LEFT","LEFT","LEFT","LEFT","LEFT","LEFT","LEFT","LEFT","LEFT","LEFT","LEFT","LEFT","LEFT","LEFT","LEFT","LEFT","LEFT","RIGHT","RIGHT","RIGHT","RIGHT","RIGHT","RIGHT","RIGHT","RIGHT","RIGHT","RIGHT","RIGHT","RIGHT","RIGHT","RIGHT","RIGHT","RIGHT","RIGHT","RIGHT","RIGHT","RIGHT","RIGHT","RIGHT","RIGHT","RIGHT","RIGHT","RIGHT","RIGHT","RIGHT","RIGHT","RIGHT","RIGHT","RIGHT","RIGHT","RIGHT","RIGHT","RIGHT","RIGHT","RIGHT","RIGHT","RIGHT","RIGHT","RIGHT","RIGHT","RIGHT","RIGHT","RIGHT","RIGHT","REST","REST","REST","REST","REST","REST","REST","REST","REST","REST","REST","REST","REST","REST","REST","REST","REST","REST","REST","REST","REST","REST","REST","REST","REST","REST","REST","REST","REST","LEFT","LEFT","LEFT","LEFT","LEFT","LEFT","LEFT","LEFT","LEFT","LEFT","LEFT","LEFT","LEFT","LEFT","LEFT","LEFT","LEFT","LEFT","LEFT","LEFT","LEFT","LEFT","LEFT","LEFT","LEFT","LEFT","REST","REST","REST","REST","REST","REST","REST","REST","REST","REST","REST","REST","REST","REST","REST","REST","REST","REST","REST","REST","REST","REST","REST","REST","REST","REST","REST","REST","REST","REST","REST","REST","REST","RIGHT","RIGHT","RIGHT","RIGHT","RIGHT","RIGHT","RIGHT","RIGHT","RIGHT","RIGHT","RIGHT","RIGHT","RIGHT","RIGHT","RIGHT","RIGHT","RIGHT","RIGHT","RIGHT","RIGHT","RIGHT","RIGHT","RIGHT","RIGHT","RIGHT","RIGHT","RIGHT","RIGHT","RIGHT","REST","REST","REST","REST","REST","REST","REST","REST","REST","REST","REST","REST","REST","REST","REST","REST","REST","REST","REST","REST","REST","REST","REST","REST","REST","REST","REST","REST","REST","REST","REST","REST","REST","REST","REST","REST","REST","REST","REST","REST","REST","REST","REST","REST","REST","REST","REST","REST","REST","REST","REST","REST","REST","REST","REST","REST","LEFT","LEFT","LEFT","LEFT","LEFT","LEFT","LEFT","LEFT","LEFT","LEFT","LEFT","LEFT","LEFT","LEFT","LEFT","REST","REST","REST","REST","REST","REST","REST","REST","REST","REST","LEFT","LEFT","LEFT","LEFT","LEFT","LEFT","LEFT","LEFT","LEFT","LEFT","LEFT","LEFT","RIGHT","RIGHT","RIGHT","RIGHT","RIGHT","RIGHT","RIGHT","RIGHT","RIGHT","RIGHT","RIGHT","RIGHT","RIGHT","RIGHT","RIGHT","RIGHT","RIGHT","RIGHT","RIGHT","RIGHT","RIGHT","RIGHT","RIGHT","RIGHT","RIGHT","RIGHT","RIGHT","RIGHT","RIGHT","RIGHT","RIGHT","RIGHT","RIGHT","RIGHT","RIGHT","RIGHT","RIGHT","RIGHT","RIGHT","RIGHT","RIGHT","RIGHT","RIGHT","RIGHT","RIGHT","RIGHT","RIGHT","RIGHT","RIGHT","RIGHT","RIGHT","RIGHT","RIGHT","RIGHT","RIGHT","RIGHT","RIGHT","RIGHT","RIGHT","RIGHT","RIGHT","RIGHT","RIGHT","RIGHT","RIGHT","RIGHT","RIGHT","RIGHT","RIGHT","RIGHT","RIGHT","RIGHT","RIGHT","RIGHT","RIGHT","RIGHT","RIGHT","RIGHT","RIGHT","RIGHT","RIGHT","RIGHT","RIGHT","RIGHT","RIGHT","RIGHT","RIGHT","RIGHT","RIGHT","RIGHT","RIGHT","RIGHT","RIGHT","RIGHT","RIGHT","RIGHT","RIGHT","RIGHT","RIGHT","RIGHT","RIGHT","RIGHT","RIGHT","RIGHT","RIGHT","RIGHT","RIGHT","REST","REST","REST","REST","REST","REST","REST","REST","REST","REST","REST","REST","REST","REST","REST","REST","REST","REST","REST","REST","REST","REST","REST","REST","REST","REST","REST","REST","REST","REST","REST","REST","REST","REST","REST","REST","REST","REST","REST","REST","REST","REST","REST","REST","REST","REST","REST","REST","REST","REST","REST","REST","REST","LEFT","LEFT","LEFT","LEFT","LEFT","LEFT","LEFT","LEFT","LEFT","LEFT","LEFT","LEFT","LEFT","LEFT","LEFT","LEFT","LEFT","LEFT","LEFT","LEFT","LEFT","LEFT","LEFT","LEFT","LEFT","LEFT","LEFT","LEFT","LEFT","LEFT","LEFT","LEFT","LEFT","LEFT","LEFT","LEFT","LEFT","LEFT","LEFT","LEFT","RIGHT","RIGHT","RIGHT","RIGHT","RIGHT","RIGHT","RIGHT","RIGHT","RIGHT","RIGHT","RIGHT","RIGHT","RIGHT","RIGHT","RIGHT","RIGHT","RIGHT","RIGHT","RIGHT","RIGHT","RIGHT","RIGHT","RIGHT","RIGHT","RIGHT","RIGHT","RIGHT","RIGHT","REST","REST","REST","REST","REST","REST","REST","REST","REST","REST","REST","REST","REST","REST","REST","REST","REST","REST","REST","REST","RIGHT","RIGHT","RIGHT","RIGHT","RIGHT","RIGHT","RIGHT","RIGHT","RIGHT","RIGHT","RIGHT","RIGHT","REST","REST","REST","REST","REST","REST","REST","REST","REST","REST","REST","REST","REST","REST","REST","REST","REST","REST","REST","REST","REST","REST","REST","REST","REST","REST","REST","REST","REST","REST","REST","REST","REST","REST","REST","REST","REST","REST","REST","REST","REST","REST","REST","REST","REST","REST","REST","REST","REST","REST","REST","REST","REST","REST","REST","REST","REST","REST","REST","REST","REST","REST","REST","REST","REST","REST","REST","REST","REST","REST","REST","REST","REST","REST","REST","REST","REST","REST","REST","REST","REST","REST","REST","REST","REST","REST","REST","REST","REST","REST","REST","REST","REST","REST","REST","REST","REST","REST","REST","REST","REST","REST","REST","REST","REST","REST","REST","REST","REST","REST","REST","REST","REST","REST","REST","REST","REST","REST","REST","REST","REST","REST","REST","REST","REST","REST","REST","REST","REST","REST","REST","REST","REST","REST","REST","RIGHT","RIGHT","RIGHT","RIGHT","RIGHT","RIGHT","RIGHT","RIGHT","RIGHT","RIGHT","RIGHT","RIGHT","RIGHT","RIGHT","RIGHT","RIGHT","RIGHT","RIGHT","RIGHT","RIGHT","RIGHT","RIGHT","RIGHT","RIGHT","RIGHT","RIGHT","RIGHT","RIGHT","RIGHT","RIGHT","RIGHT","RIGHT","RIGHT","RIGHT","RIGHT","RIGHT","RIGHT","RIGHT","RIGHT","LEFT","LEFT","LEFT","LEFT","LEFT","LEFT","LEFT","LEFT","LEFT","LEFT","LEFT","LEFT","LEFT","LEFT","LEFT","LEFT","LEFT","LEFT","LEFT","LEFT","LEFT","LEFT","LEFT","LEFT","LEFT","LEFT","LEFT","LEFT","LEFT","LEFT","LEFT","LEFT","LEFT","LEFT","LEFT","LEFT","LEFT","LEFT","LEFT","LEFT","LEFT","LEFT","LEFT","LEFT","LEFT","LEFT","LEFT","LEFT","LEFT","LEFT","LEFT","LEFT","LEFT","LEFT","LEFT","LEFT","LEFT","LEFT","LEFT","LEFT","LEFT","LEFT","LEFT","LEFT","RIGHT","RIGHT","RIGHT","RIGHT","RIGHT","RIGHT","RIGHT","RIGHT","RIGHT","RIGHT","RIGHT","RIGHT","RIGHT","RIGHT","RIGHT","RIGHT","RIGHT","RIGHT","RIGHT","RIGHT","RIGHT","RIGHT","RIGHT","RIGHT","RIGHT","RIGHT","RIGHT","RIGHT","RIGHT","RIGHT","RIGHT","RIGHT","RIGHT","RIGHT","RIGHT","RIGHT","RIGHT","RIGHT","RIGHT","RIGHT","RIGHT","LEFT","LEFT","LEFT","LEFT","LEFT","LEFT","LEFT","LEFT","LEFT","LEFT","LEFT","LEFT","REST","REST","REST","REST","REST","REST","REST","REST","REST","REST","REST","REST","REST","REST","REST","REST","REST","REST","REST","REST","REST","REST","REST","REST","REST","REST","REST","REST","REST","REST","REST","REST","REST","REST","REST","REST","REST","LEFT","LEFT","LEFT","LEFT","LEFT","LEFT","LEFT","LEFT","LEFT","LEFT","LEFT","LEFT","LEFT","LEFT","LEFT","LEFT","LEFT","LEFT","LEFT","LEFT","LEFT","LEFT","LEFT","RIGHT","RIGHT","RIGHT","RIGHT","RIGHT","RIGHT","RIGHT","RIGHT","RIGHT","RIGHT","RIGHT","RIGHT","RIGHT","RIGHT","RIGHT","RIGHT","RIGHT","RIGHT","RIGHT","RIGHT","RIGHT","RIGHT","RIGHT","RIGHT","RIGHT","RIGHT","RIGHT","RIGHT","RIGHT","RIGHT","RIGHT","RIGHT","RIGHT","RIGHT","RIGHT","RIGHT","RIGHT","RIGHT","RIGHT","RIGHT","RIGHT","RIGHT","RIGHT","RIGHT","RIGHT","RIGHT","RIGHT","RIGHT","RIGHT","RIGHT","RIGHT","RIGHT","RIGHT","RIGHT","RIGHT","RIGHT","RIGHT","RIGHT","RIGHT","RIGHT","RIGHT","RIGHT","REST","REST","REST","REST","REST","REST","REST","REST","REST","REST","REST","REST","REST","REST","REST","REST","REST","REST","REST","REST","REST","REST","REST","REST","REST","REST","REST","REST","REST","REST","REST","REST","REST","REST","REST","REST","REST","REST","REST","REST","REST","REST","REST","REST","REST","REST","REST","REST","REST","REST","LEFT","LEFT","LEFT","LEFT","LEFT","LEFT","LEFT","LEFT","LEFT","LEFT","LEFT","LEFT","LEFT","LEFT","LEFT","LEFT","LEFT","LEFT","LEFT","LEFT","LEFT","LEFT","LEFT","LEFT","LEFT","LEFT","LEFT","LEFT","LEFT","LEFT","LEFT","LEFT","REST","REST","REST","REST","REST","REST","REST","REST","REST","REST","REST","REST","REST","REST","REST","REST","REST","REST","REST","REST","REST","REST","REST","REST","REST","REST","REST","REST","REST","REST","REST","REST","REST","REST","REST","REST","REST","REST","REST","REST","REST","REST","REST","REST","REST","REST","REST","REST","REST","REST","REST","REST","REST","LEFT","LEFT","LEFT","LEFT","LEFT","LEFT","LEFT","LEFT","LEFT","LEFT","LEFT","LEFT","LEFT","LEFT","LEFT","LEFT","LEFT","LEFT","LEFT","LEFT","LEFT","LEFT","LEFT","LEFT","LEFT","LEFT","LEFT","LEFT","LEFT","LEFT","LEFT","LEFT","LEFT","LEFT","LEFT","LEFT","LEFT","LEFT","LEFT","LEFT","LEFT","LEFT","LEFT","LEFT","LEFT","LEFT","LEFT","LEFT","LEFT","LEFT","LEFT","LEFT","LEFT","LEFT","LEFT","LEFT","LEFT","LEFT","LEFT","LEFT","LEFT","LEFT","LEFT","LEFT","LEFT","LEFT","LEFT","LEFT","LEFT","LEFT","LEFT","LEFT","LEFT","LEFT","LEFT","LEFT","LEFT","LEFT","LEFT","LEFT","LEFT","LEFT","LEFT","LEFT","REST","REST","REST","REST","REST","REST","REST","REST","REST","REST","REST"],"obs":[0,0,0,0,0,0,0,0,1,1,0,1,0,0,0,0,1,0,0,0,0,0,0,0,0,1,0,1,0,0,0,1,0,1,1,0,0,0,0,0,0,2,1,0,2,1,1,2,2,2,1,2,2,1,2,1,2,0,1,0,1,1,1,1,2,1,1,2,1,1,1,0,1,1,1,0,0,0,1,0,1,1,1,0,1,1,0,1,1,1,2,0,0,0,0,0,0,0,0,0,1,0,0,1,0,1,0,0,0,1,0,0,0,0,0,0,1,0,1,0,0,0,0,1,0,0,0,0,1,0,0,1,0,1,2,1,1,0,2,1,2,1,2,2,0,1,2,0,2,1,0,0,2,1,2,0,2,0,1,2,1,1,0,1,2,0,1,2,1,1,0,0,1,2,2,2,2,2,2,2,2,1,2,1,2,1,2,2,2,1,2,1,2,2,2,2,2,2,1,2,2,1,2,2,2,2,2,1,2,2,2,2,2,2,2,2,2,2,2,2,2,2,2,2,2,2,1,2,2,2,1,1,2,2,2,1,2,1,2,2,1,0,1,0,1,1,1,0,1,1,1,2,2,2,1,2,1,2,2,2,2,2,2,1,2,2,2,2,2,2,2,2,2,1,1,0,0,1,2,0,2,1,1,0,1,2,1,2,2,1,0,2,1,0,1,0,0,0,0,1,0,0,0,0,0,0,0,0,0,0,0,0,1,0,0,0,0,0,0,0,0,0,0,1,0,0,0,0,0,0,0,2,1,2,1,2,2,2,1,2,2,1,2,2,2,2,2,2,2,2,2,2,2,2,2,1,2,2,2,2,2,1,2,0,1,2,1,0,1,1,2,1,2,0,0,1,1,0,1,1,0,1,1,0,2,1,0,0,0,1,2,1,2,0,1,1,1,2,1,0,1,0,1,1,1,0,2,1,1,0,0,1,0,2,1,2,0,1,2,1,1,0,1,1,0,1,1,1,0,0,2,0,1,0,0,1,0,0,0,0,0,1,0,0,0,0,0,1,0,0,0,0,0,0,1,0,0,0,0,2,2,2,1,1,2,1,2,2,2,2,2,2,2,2,2,2,1,2,2,2,1,2,2,1,2,2,2,2,2,2,2,1,2,1,2,2,2,1,2,2,2,2,2,2,0,0,0,0,0,0,0,0,0,1,1,0,0,0,1,0,0,1,1,0,1,0,0,0,0,0,0,0,0,0,0,1,1,0,1,0,0,0,0,0,1,0,0,0,0,0,0,0,0,1,0,0,0,0,1,0,0,1,0,0,1,2,2,2,2,2,2,1,2,2,2,2,2,2,2,2,2,2,2,1,1,1,0,0,0,0,0,1,0,0,0,0,0,0,0,1,0,1,0,1,0,0,1,0,0,0,0,0,0,1,0,0,0,0,0,0,0,0,0,0,1,1,0,2,0,2,0,1,2,2,2,0,0,0,1,0,0,2,2,1,1,1,0,2,0,2,0,2,1,2,1,0,2,1,1,2,2,2,2,2,2,1,1,2,1,2,2,2,2,1,2,1,2,1,1,2,2,2,2,2,2,1,2,1,2,2,2,2,1,2,2,2,2,1,2,2,2,2,2,2,2,1,2,1,1,0,1,2,1,2,0,2,1,0,1,2,1,2,0,0,2,2,0,1,1,2,1,1,2,0,2,1,0,0,1,2,2,1,0,1,0,0,2,1,2,0,1,2,2,0,1,1,2,2,2,2,2,2,1,2,2,2,1,2,1,2,2,2,2,2,2,2,1,2,2,2,2,2,2,2,1,2,2,2,2,2,2,2,1,2,1,2,2,2,2,2,1,2,1,2,2,1,2,2,1,2,1,2,2,1,1,2,2,2,1,1,1,1,1,0,0,1,1,1,1,0,2,0,1,2,2,1,1,2,0,1,1,1,1,0,0,1,1,1,0,2,1,1,1,2,2,0,1,0,2,1,1,1,1,0,1,2,2,1,1,0,1,1,2,1,2,0,2,2,1,2,1,2,2,2,1,2,2,2,2,2,2,2,2,1,2,2,1,0,1,0,1,1,0,0,0,0,0,0,0,0,1,0,0,0,0,0,0,0,0,0,0,2,1,2,2,2,2,2,2,2,2,2,2,2,2,2,1,2,2,0,2,0,0,1,1,1,1,1,1,2,2,2,2,1,1,2,2,2,2,2,2,2,1,2,2,2,2,2,2,2,2,2,2,0,1,1,1,0,0,0,0,0,1,0,0,1,0,0,0,2,1,2,1,0,2,0,2,2,0,1,1,0,1,1,2,1,2,1,1,2,2,1,1,2,0,1,0,1,2,2,2,2,2,2,2,2,2,2,2,2,2,2,2,1,2,2,2,2,2,1,2,2,0,0,0,1,0,0,0,0,1,0,1,0,0,0,0,0,0,0,0,0,0,0,0,1,1,1,0,0,0,0,0,0,1,0,1,2,0,1,2,1,1,1,1,1,0,1,1,0,1,1,1,0,1,1,2,0,1,1,2,0,2,1,2,1,0,0,1,0,0,1,0,0,0,0,0,1,0,0,0,1,0,1,0,0,2,1,1,1,2,2,2,1,2,2,2,2,1,2,2,2,1,2,2,2,1,2,2,2,2,1,2,1,2,1,2,2,2,2,2,2,1,1,0,0,1,0,1,0,2,2,2,0,1,0,1,0,2,2,1,0,0,0,0,0,2,1,1,1,1,2,0,2,1,2,2,2,1,1,2,2,2,2,1,2,2,2,2,1,2,2,1,2,2,2,1,1,2,2,2,1,2,2,2,1,2,2,2,2,1,2,2,1,0,0,1,0,0,0,0,0,0,0,0,0,0,0,0,1,0,0,0,0,0,0,0,0,0,0,0,0,0,0,0,2,1,1,2,1,2,0,0,2,1,2,1,2,2,2,2,2,2,2,2,2,2,1,2,2,1,2,2,2,2,2,2,2,2,2,2,2,2,2,1,1,1,2,1,2,2,2,2,1,2,1,2,2,2,2,1,2,2,2,2,1,2,2,2,2,2,2,2,2,2,2,2,2,2,2,2,2,2,2,2,1,2,2,2,1,2,2,2,1,2,2,2,1,2,1,2,2,2,2,2,2,1,2,1,1,1,1,0,1,2,2,1,2,1,1,0,2,1,0,2,1,0,2,1,0,1,2,1,1,0,0,0,0,0,0,0,1,0,1,0,0,0,1,0,1,0,0,1,0,0,0,1,0,0,0,0,0,1,0,0,0,0,0,2,0,1,0,0,0,1,2,1,2,1,1,0,1,1,1,2,1,1,1,2,1,2,1,1,0,2,1,0,2,1,0,2,1,1,2,2,1,1,1,0,1,1,0,1,2,1,2,2,1,0,0,0,0,1,0,0,0,1,0,1,0,0,0,0,0,0,0,0,0,1,0,0,1,0,0,0,1,1,1,2,1,1,1,0,2,0,0,1,2,1,1,2,2,1,0,1,2,1,0,2,0,0,2,2,1,1,0,1,1,1,2,0,1,2,1,2,2,1,1,2,2,2,1,2,1,0,2,2,0,2,2,2,2,2,2,2,2,2,2,1,1,1,2,2,2,2,1,1,2,2,2,2,2,2,2,2,0,0,0,0,0,0,1,0,0,1,0,0,0,0,0,0,0,0,0,0,1,0,0,0,0,1,0,0,0,0,0,1,2,1,2,2,0,0,1,0,0,1,2,0,1,2,1,1,1,2,1,1,1,0,1,2,1,0,0,1,2,2,2,2,0,0,1,1,0,1,2,2,2,2,1,2,1,1,1,2,1,2,2,2,2,2,0,0,0,0,1,0,0,0,1,0,0,0,0,0,0,0,0,0,1,0,0,0,0,0,0,0,0,2,2,2,2,2,2,2,2,2,1,2,2,2,2,2,1,2,2,1,1,1,1,1,0,1,1,1,1,0,1,0,0,0,0,1,1,0,1,1,0,0,1,2,1,1,0,1,1,1,2,1,0,2,2,2,2,2,2,2,2,2,2,1,1,2,2,2,1,0,0,0,0,0,0,1,0,0,1,0,0,0,0,0,0,1,0,0,1,0,0,1,2,2,2,2,1,2,2,2,2,2,2,2,2,2,2,2,1,2,2,2,2,2,2,2,1,1,2,2,1,2,2,1,2,2,0,1,1,1,0,0,0,0,0,0,0,0,0,0,1,0,0,2,2,1,1,2,2,2,2,1,2,1,2,2,2,2,2,2,1,2,2,2,2,2,2,1,2,2,2,2,2,2,2,1,2,2,2,2,2,2,2,2,2,2,2,2,2,1,1,1,1,1,1,1,1,2,0,1,2,0,0,0,1,1,1,1,1,0,2,1,0,1,1,0,1,2,1,1,0,1,0,0,0,0,0,0,0,0,0,0,0,0,0,0,0,0,0,0,1,0,0,0,0,2,2,2,2,0,0,2,1,1,1,0,2,2,1,2,1,1,2,2,1,2,1,0,1,2,1,0,1,1,1,0,1,1,2,2,1,2,2,2,1,2,2,2,2,2,2,1,2,2,2,2,2,1,2,2,2,2,2,1,2,1,2,0,2,2,2,1,2,1,2,0,2,0,1,1,1,0,0,1,1,1,1,1,2,2,2,2,1,2,0,1,1,1,2,0,0,0,0,1,2,2,2,0,0,2,1,1,0,1,2,0,0,2,1,1,0,1,1,0,0,0,1,0,0,1,0,0,0,0,1,1,0,0,0,0,1,2,1,2,2,1,0,2,1,0,0,0,0,0,0,0,0,0,0,1,2,1,2,2,2,2,2,2,2,2,2,2,2,1,2,2,2,1,2,1,1,2,1,1,2,1,2,2,2,2,2,2,2,2,2,2,2,2,2,2,1,2,2,2,2,1,2,2,2,2,2,2,2,1,2,2,2,2,2,2,2,1,1,2,2,2,2,2,1,2,1,2,2,2,2,2,2,2,2,2,2,1,1,2,2,2,2,2,2,2,2,2,2,2,2,2,2,2,2,2,2,2,2,2,2,1,2,0,2,0,1,1,2,2,1,1,1,1,1,0,1,0,0,1,1,0,0,1,1,0,1,0,1,1,1,1,1,0,1,1,0,0,0,0,0,1,1,0,1,0,1,0,1,0,2,0,0,2,1,2,0,0,0,0,0,0,0,0,0,1,0,0,1,0,0,0,0,0,0,0,0,0,0,0,1,0,0,0,0,1,0,0,0,1,0,0,0,0,0,0,2,2,2,2,2,1,2,2,2,2,2,2,2,2,2,1,2,2,1,1,1,2,2,1,2,2,2,2,0,0,1,1,1,2,0,0,2,0,0,0,2,1,2,1,1,2,1,0,1,2,2,2,2,2,2,2,2,2,1,2,1,1,0,0,0,1,2,0,0,1,1,0,2,0,1,1,1,0,1,0,0,1,2,1,2,1,0,1,2,1,1,0,1,2,1,1,1,0,2,2,1,0,0,0,1,0,1,0,1,1,0,1,1,1,2,1,1,2,0,1,1,1,0,2,0,0,2,1,0,1,1,1,1,1,0,2,1,2,0,1,0,0,0,1,1,2,0,1,2,1,0,0,0,1,1,0,1,1,0,1,1,2,1,1,1,0,1,1,0,2,2,0,2,0,1,2,1,0,1,1,2,1,0,2,0,0,1,1,1,1,2,2,0,1,1,2,1,2,1,1,1,2,2,2,1,2,2,2,2,2,2,2,2,2,2,2,2,1,2,2,2,2,1,2,2,2,2,2,2,1,2,2,2,2,0,0,0,1,1,1,0,0,0,0,0,0,0,1,0,0,0,1,0,0,0,0,0,0,0,0,0,0,0,0,0,0,0,1,1,0,0,0,0,1,0,0,1,0,0,1,0,0,0,0,0,0,0,0,0,0,0,0,1,1,0,0,0,1,1,2,2,2,2,2,2,2,2,2,1,2,2,2,2,2,2,2,2,2,1,2,2,1,2,2,1,2,2,2,1,1,2,2,2,2,2,2,2,2,1,0,1,1,0,0,0,1,0,0,0,1,0,1,1,1,1,1,0,1,0,1,1,1,1,0,1,2,2,1,1,2,1,1,2,1,1,0,1,2,2,1,2,0,1,2,2,1,1,0,1,0,0,1,0,0,1,0,1,0,0,0,0,0,0,0,0,0,0,0,0,0,0,2,2,2,2,2,1,2,2,2,2,2,2,2,2,2,2,2,2,2,1,2,1,2,2,1,2,2,2,2,1,2,1,2,2,2,2,2,2,2,2,2,2,2,1,2,2,2,2,2,1,2,2,2,1,1,1,1,2,2,2,2,2,2,1,1,1,0,0,2,1,2,1,2,1,1,0,2,1,1,0,0,0,0,1,1,0,1,1,1,1,1,1,0,1,0,0,0,2,2,1,0,1,0,1,0,1,0,0,1,1,0,1,1,0,0,0,0,0,0,0,1,1,0,0,0,0,0,0,0,0,0,1,0,0,0,0,0,0,0,0,0,0,0,1,2,1,2,1,1,1,2,2,1,0,1,0,2,2,1,1,2,0,0,1,1,0,1,2,2,0,0,0,1,1,0,1,1,1,2,1,1,1,2,0,1,0,0,2,1,1,0,2,1,2,0,0,1,0,0,1,0,1,1,1,0,0,0,0,0,0,0,0,0,0,0,0,0,0,0,0,0,0,0,0,1,1,0,0,0,0,0,0,1,0,0,0,1,0,0,0,0,1,0,0,0,0,0,0,0,1,0,1,0,0,1,0,0,0,0,0,0,1,0,1,0,0,0,0,0,0,0,0,1,1,0,0,0,0,1,0,1,2,0,1,1,1,2,0,0,1,0,2],"filtered":[[0.7895,0.1579,0.0526],[0.9391,0.0547,0.0062],[0.9694,0.0285,0.0021],[0.9752,0.0231,0.0017],[0.9764,0.022,0.0016],[0.9766,0.0218,0.0016],[0.9766,0.0217,0.0016],[0.9767,0.0217,0.0016],[0.7072,0.2751,0.0177],[0.3688,0.6063,0.0249],[0.7523,0.2394,0.0083],[0.4076,0.572,0.0204],[0.7772,0.2156,0.0072],[0.9299,0.0672,0.0029],[0.967,0.0311,0.0019],[0.9747,0.0236,0.0017],[0.7037,0.2785,0.0178],[0.9093,0.0866,0.0041],[0.9626,0.0353,0.002],[0.9738,0.0244,0.0017],[0.9761,0.0223,0.0016],[0.9765,0.0218,0.0016],[0.9766,0.0217,0.0016],[0.9767,0.0217,0.0016],[0.9767,0.0217,0.0016],[0.7072,0.275,0.0177],[0.9104,0.0855,0.0041],[0.5989,0.382,0.019],[0.8722,0.1228,0.005],[0.9542,0.0436,0.0023],[0.9721,0.0261,0.0018],[0.699,0.2832,0.0178],[0.9078,0.0881,0.0042],[0.595,0.3859,0.019],[0.2788,0.6969,0.0243],[0.6805,0.3097,0.0099],[0.9006,0.0958,0.0036],[0.9606,0.0374,0.002],[0.9734,0.0249,0.0017],[0.976,0.0223,0.0017],[0.9765,0.0218,0.0016],[0.5847,0.1951,0.2202],[0.3377,0.525,0.1373],[0.7474,0.2292,0.0234],[0.3111,0.3652,0.3237],[0.1564,0.6816,0.1621],[0.0685,0.861,0.0705],[0.026,0.5777,0.3963],[0.008,0.2211,0.7709],[0.003,0.0688,0.9282],[0.0184,0.356,0.6256],[0.0047,0.1129,0.8823],[0.0022,0.0413,0.9565],[0.018,0.3102,0.6718],[0.0044,0.0969,0.8988],[0.0191,0.399,0.5819],[0.0052,0.1295,0.8653],[0.2409,0.3155,0.4436],[0.1308,0.6419,0.2273],[0.5293,0.416,0.0547],[0.2427,0.718,0.0393],[0.0955,0.876,0.0285],[0.0435,0.9327,0.0238],[0.0277,0.9501,0.0222],[0.0199,0.7022,0.2779],[0.0222,0.8696,0.1082],[0.022,0.9306,0.0474],[0.0171,0.6418,0.3411],[0.0216,0.8435,0.1349],[0.0219,0.9221,0.056],[0.0217,0.947,0.0314],[0.2767,0.7025,0.0208],[0.1078,0.8697,0.0225],[0.0473,0.9307,0.0221],[0.0288,0.9495,0.0217],[0.2953,0.6867,0.018],[0.6941,0.2972,0.0087],[0.905,0.0916,0.0034],[0.5903,0.3912,0.0186],[0.8686,0.1263,0.0051],[0.5402,0.4404,0.0194],[0.2419,0.7342,0.0239],[0.0942,0.8825,0.0233],[0.4392,0.5456,0.0152],[0.1824,0.7962,0.0214],[0.0722,0.9057,0.0222],[0.3958,0.5883,0.0159],[0.1604,0.8181,0.0215],[0.0645,0.9134,0.022],[0.0339,0.9443,0.0217],[0.0214,0.7016,0.277],[0.2852,0.6243,0.0904],[0.6965,0.2846,0.019],[0.9071,0.0886,0.0043],[0.9621,0.0358,0.0021],[0.9737,0.0245,0.0017],[0.9761,0.0223,0.0016],[0.9765,0.0218,0.0016],[0.9766,0.0217,0.0016],[0.9767,0.0217,0.0016],[0.7072,0.2751,0.0177],[0.9104,0.0855,0.0041],[0.9629,0.0351,0.002],[0.6827,0.2993,0.018],[0.9024,0.0933,0.0043],[0.5872,0.3937,0.0191],[0.8675,0.1274,0.0051],[0.953,0.0447,0.0023],[0.9719,0.0264,0.0018],[0.6986,0.2836,0.0178],[0.9076,0.0882,0.0042],[0.9623,0.0357,0.0021],[0.9738,0.0245,0.0017],[0.9761,0.0223,0.0016],[0.9765,0.0218,0.0016],[0.9766,0.0217,0.0016],[0.7072,0.2751,0.0177],[0.9104,0.0855,0.0041],[0.5989,0.3821,0.019],[0.8722,0.1228,0.005],[0.9542,0.0436,0.0023],[0.9721,0.0261,0.0018],[0.9758,0.0226,0.0017],[0.7056,0.2767,0.0178],[0.9099,0.086,0.0041],[0.9627,0.0352,0.002],[0.9739,0.0244,0.0017],[0.9761,0.0222,0.0016],[0.7062,0.276,0.0178],[0.9101,0.0858,0.0041],[0.9628,0.0352,0.002],[0.6826,0.2994,0.018],[0.9024,0.0933,0.0043],[0.5872,0.3937,0.0191],[0.2206,0.4861,0.2933],[0.1041,0.7626,0.1332],[0.0487,0.8934,0.0579],[0.3465,0.6283,0.0252],[0.1129,0.5864,0.3007],[0.057,0.8172,0.1258],[0.0203,0.4815,0.4982],[0.0239,0.7599,0.2162],[0.0113,0.3721,0.6167],[0.0042,0.1178,0.878],[0.2354,0.3055,0.459],[0.1294,0.6334,0.2372],[0.027,0.3173,0.6557],[0.3293,0.4207,0.25],[0.0599,0.2367,0.7035],[0.0473,0.5692,0.3834],[0.3695,0.5133,0.1172],[0.7672,0.2131,0.0196],[0.3307,0.3603,0.3089],[0.166,0.6779,0.1561],[0.0392,0.4008,0.5601],[0.3629,0.4461,0.191],[0.0749,0.2838,0.6413],[0.4805,0.3184,0.2012],[0.2442,0.6443,0.1115],[0.0614,0.4407,0.4979],[0.0415,0.7344,0.2241],[0.029,0.8826,0.0884],[0.2988,0.6668,0.0344],[0.118,0.8546,0.0274],[0.0423,0.6621,0.2956],[0.3476,0.5621,0.0902],[0.1457,0.8049,0.0494],[0.0465,0.5989,0.3546],[0.0325,0.8233,0.1442],[0.0254,0.9152,0.0594],[0.2878,0.6848,0.0274],[0.689,0.3009,0.0101],[0.3497,0.6295,0.0209],[0.1158,0.5974,0.2869],[0.0225,0.2755,0.7019],[0.0045,0.0861,0.9094],[0.0021,0.0352,0.9627],[0.0017,0.0244,0.9739],[0.0016,0.0222,0.9761],[0.0016,0.0218,0.9765],[0.0016,0.0217,0.9766],[0.0177,0.2751,0.7072],[0.0041,0.0855,0.9104],[0.019,0.3821,0.5989],[0.005,0.1228,0.8722],[0.0194,0.4357,0.545],[0.0055,0.1449,0.8495],[0.0024,0.0489,0.9487],[0.0018,0.0272,0.971],[0.0178,0.2852,0.697],[0.0042,0.0887,0.9071],[0.0191,0.3869,0.5941],[0.0051,0.1247,0.8702],[0.0023,0.044,0.9537],[0.0018,0.0262,0.972],[0.0017,0.0226,0.9757],[0.0016,0.0219,0.9765],[0.0016,0.0217,0.9766],[0.0178,0.2751,0.7071],[0.0041,0.0855,0.9104],[0.002,0.0351,0.9629],[0.018,0.2993,0.6827],[0.0043,0.0933,0.9024],[0.0021,0.0368,0.9611],[0.0017,0.0248,0.9735],[0.0017,0.0223,0.976],[0.0016,0.0218,0.9765],[0.0178,0.2753,0.707],[0.0041,0.0856,0.9103],[0.002,0.0351,0.9628],[0.0017,0.0244,0.9739],[0.0016,0.0222,0.9761],[0.0016,0.0218,0.9766],[0.0016,0.0217,0.9766],[0.0016,0.0217,0.9767],[0.0016,0.0217,0.9767],[0.0016,0.0217,0.9767],[0.0016,0.0217,0.9767],[0.0016,0.0217,0.9767],[0.0016,0.0217,0.9767],[0.0016,0.0217,0.9767],[0.0016,0.0217,0.9767],[0.0016,0.0217,0.9767],[0.0016,0.0217,0.9767],[0.0016,0.0217,0.9767],[0.0016,0.0217,0.9767],[0.0177,0.275,0.7072],[0.0041,0.0855,0.9104],[0.002,0.0351,0.9629],[0.0017,0.0244,0.9739],[0.0178,0.28,0.7022],[0.0248,0.6108,0.3643],[0.0084,0.2425,0.7491],[0.0031,0.0749,0.922],[0.0019,0.0328,0.9653],[0.0179,0.2951,0.687],[0.0042,0.0919,0.9038],[0.0191,0.3917,0.5893],[0.0051,0.1266,0.8683],[0.0023,0.0445,0.9532],[0.0181,0.3157,0.6662],[0.2943,0.4395,0.2662],[0.1391,0.7337,0.1273],[0.5286,0.4384,0.033],[0.2374,0.7329,0.0296],[0.0929,0.882,0.0252],[0.0426,0.9346,0.0228],[0.3298,0.6527,0.0175],[0.1299,0.8484,0.0217],[0.0544,0.9237,0.022],[0.0309,0.9474,0.0217],[0.0207,0.7026,0.2767],[0.0094,0.3126,0.6779],[0.0036,0.0967,0.8997],[0.0186,0.3987,0.5826],[0.0051,0.1293,0.8655],[0.0194,0.4445,0.5362],[0.0056,0.1488,0.8456],[0.0024,0.0498,0.9478],[0.0018,0.0274,0.9708],[0.0017,0.0228,0.9755],[0.0016,0.0219,0.9764],[0.0016,0.0218,0.9766],[0.0178,0.2751,0.7071],[0.0041,0.0855,0.9104],[0.002,0.0351,0.9629],[0.0017,0.0244,0.9739],[0.0016,0.0222,0.9761],[0.0016,0.0218,0.9766],[0.0016,0.0217,0.9766],[0.0016,0.0217,0.9767],[0.0016,0.0217,0.9767],[0.0016,0.0217,0.9767],[0.0177,0.275,0.7072],[0.0249,0.6063,0.3688],[0.3008,0.578,0.1211],[0.715,0.2623,0.0227],[0.3782,0.5943,0.0275],[0.1234,0.5667,0.31],[0.5291,0.3959,0.075],[0.1564,0.3817,0.4619],[0.0853,0.6938,0.2209],[0.0442,0.8661,0.0897],[0.3378,0.6291,0.0331],[0.135,0.8377,0.0273],[0.0468,0.6569,0.2963],[0.0318,0.8503,0.118],[0.0158,0.502,0.4822],[0.0058,0.1753,0.8189],[0.0195,0.5022,0.4784],[0.2885,0.5435,0.168],[0.0627,0.3407,0.5967],[0.045,0.6625,0.2925],[0.3548,0.5567,0.0885],[0.149,0.802,0.0489],[0.5333,0.449,0.0177],[0.844,0.1505,0.0055],[0.9474,0.0502,0.0024],[0.9707,0.0275,0.0018],[0.6965,0.2857,0.0178],[0.907,0.0889,0.0042],[0.9621,0.0358,0.0021],[0.9737,0.0246,0.0017],[0.9761,0.0223,0.0016],[0.9765,0.0218,0.0016],[0.9766,0.0217,0.0016],[0.9767,0.0217,0.0016],[0.9767,0.0217,0.0016],[0.9767,0.0217,0.0016],[0.9767,0.0217,0.0016],[0.9767,0.0217,0.0016],[0.9767,0.0217,0.0016],[0.7072,0.275,0.0177],[0.9104,0.0855,0.0041],[0.9629,0.0351,0.002],[0.9739,0.0244,0.0017],[0.9761,0.0222,0.0016],[0.9766,0.0218,0.0016],[0.9766,0.0217,0.0016],[0.9767,0.0217,0.0016],[0.9767,0.0217,0.0016],[0.9767,0.0217,0.0016],[0.9767,0.0217,0.0016],[0.7072,0.275,0.0177],[0.9104,0.0855,0.0041],[0.9629,0.0351,0.002],[0.9739,0.0244,0.0017],[0.9761,0.0222,0.0016],[0.9766,0.0218,0.0016],[0.9766,0.0217,0.0016],[0.9767,0.0217,0.0016],[0.5848,0.195,0.2202],[0.3379,0.5248,0.1373],[0.0791,0.3635,0.5575],[0.0517,0.6802,0.2681],[0.014,0.3114,0.6746],[0.004,0.0968,0.8992],[0.0021,0.0376,0.9603],[0.018,0.3037,0.6783],[0.0043,0.0947,0.901],[0.0021,0.0371,0.9608],[0.018,0.3029,0.6791],[0.0043,0.0945,0.9012],[0.0021,0.0371,0.9608],[0.0017,0.0248,0.9735],[0.0017,0.0223,0.976],[0.0016,0.0218,0.9765],[0.0016,0.0217,0.9766],[0.0016,0.0217,0.9767],[0.0016,0.0217,0.9767],[0.0016,0.0217,0.9767],[0.0016,0.0217,0.9767],[0.0016,0.0217,0.9767],[0.0016,0.0217,0.9767],[0.0016,0.0217,0.9767],[0.0177,0.275,0.7072],[0.0041,0.0855,0.9104],[0.002,0.0351,0.9629],[0.0017,0.0244,0.9739],[0.0016,0.0222,0.9761],[0.0016,0.0218,0.9766],[0.0178,0.2752,0.707],[0.0041,0.0856,0.9103],[0.2355,0.2703,0.4942],[0.1342,0.6019,0.2639],[0.0263,0.2901,0.6836],[0.0289,0.6199,0.3512],[0.3125,0.5743,0.1131],[0.1313,0.8111,0.0575],[0.0559,0.911,0.0332],[0.0259,0.666,0.3081],[0.0245,0.8542,0.1213],[0.0143,0.4988,0.4869],[0.2698,0.5549,0.1753],[0.696,0.2717,0.0323],[0.3646,0.6032,0.0322],[0.1473,0.8254,0.0273],[0.5279,0.4582,0.0139],[0.2329,0.7456,0.0215],[0.0907,0.8869,0.0225],[0.4324,0.5524,0.0151],[0.1788,0.7998,0.0214],[0.0709,0.907,0.0221],[0.3932,0.5909,0.0159],[0.1345,0.5935,0.2721],[0.0646,0.8207,0.1147],[0.3876,0.5753,0.0371],[0.7669,0.2236,0.0094],[0.9273,0.0696,0.0031],[0.6242,0.3573,0.0185],[0.2413,0.4656,0.2931],[0.1143,0.7502,0.1355],[0.0307,0.448,0.5212],[0.331,0.4895,0.1795],[0.1479,0.7647,0.0874],[0.0626,0.8941,0.0433],[0.0336,0.9384,0.028],[0.0209,0.6854,0.2937],[0.0226,0.8626,0.1148],[0.2823,0.6757,0.042],[0.1117,0.8584,0.0299],[0.4713,0.513,0.0157],[0.1999,0.7782,0.0219],[0.0784,0.8992,0.0224],[0.0381,0.94,0.0219],[0.3188,0.6636,0.0175],[0.106,0.6194,0.2746],[0.0534,0.8331,0.1135],[0.0316,0.9186,0.0498],[0.3038,0.6716,0.0246],[0.7025,0.2881,0.0094],[0.3612,0.6182,0.0206],[0.7463,0.2458,0.0079],[0.3347,0.4133,0.252],[0.1597,0.7161,0.1242],[0.041,0.4503,0.5087],[0.3632,0.4693,0.1675],[0.1636,0.7524,0.0839],[0.0464,0.5196,0.434],[0.0337,0.7819,0.1843],[0.0261,0.9005,0.0734],[0.2902,0.6789,0.0309],[0.1141,0.8598,0.0261],[0.0494,0.9275,0.0232],[0.3458,0.637,0.0172],[0.137,0.8413,0.0217],[0.0567,0.9213,0.022],[0.0316,0.9467,0.0217],[0.3024,0.6797,0.0179],[0.7002,0.2912,0.0085],[0.3006,0.4458,0.2535],[0.7372,0.2205,0.0423],[0.4088,0.5526,0.0386],[0.7807,0.21,0.0093],[0.9312,0.0658,0.003],[0.6303,0.3513,0.0184],[0.8841,0.1112,0.0047],[0.9569,0.0409,0.0022],[0.9727,0.0256,0.0017],[0.9759,0.0225,0.0017],[0.9765,0.0219,0.0016],[0.7069,0.2753,0.0178],[0.9103,0.0856,0.0041],[0.9628,0.0351,0.002],[0.9739,0.0244,0.0017],[0.9761,0.0222,0.0016],[0.9766,0.0218,0.0016],[0.707,0.2752,0.0178],[0.9103,0.0856,0.0041],[0.9629,0.0351,0.002],[0.9739,0.0244,0.0017],[0.9761,0.0222,0.0016],[0.9766,0.0218,0.0016],[0.9766,0.0217,0.0016],[0.7072,0.2751,0.0177],[0.9104,0.0855,0.0041],[0.9629,0.0351,0.002],[0.9739,0.0244,0.0017],[0.9761,0.0222,0.0016],[0.584,0.1957,0.2203],[0.1185,0.1583,0.7232],[0.0121,0.059,0.929],[0.0245,0.3401,0.6354],[0.0273,0.6621,0.3106],[0.0096,0.2818,0.7086],[0.0208,0.6125,0.3668],[0.0078,0.2419,0.7502],[0.0031,0.0747,0.9223],[0.0019,0.0327,0.9654],[0.0017,0.0239,0.9744],[0.0016,0.0221,0.9762],[0.0016,0.0218,0.9766],[0.0016,0.0217,0.9766],[0.0016,0.0217,0.9767],[0.0016,0.0217,0.9767],[0.0016,0.0217,0.9767],[0.0177,0.275,0.7072],[0.0041,0.0855,0.9104],[0.002,0.0351,0.9629],[0.0017,0.0244,0.9739],[0.0178,0.28,0.7022],[0.0041,0.0871,0.9088],[0.002,0.0354,0.9625],[0.018,0.2999,0.6821],[0.0043,0.0935,0.9022],[0.0021,0.0369,0.9611],[0.0017,0.0248,0.9735],[0.0017,0.0223,0.976],[0.0016,0.0218,0.9765],[0.0016,0.0217,0.9766],[0.0016,0.0217,0.9767],[0.0177,0.2751,0.7072],[0.0041,0.0855,0.9104],[0.019,0.382,0.5989],[0.005,0.1228,0.8722],[0.0023,0.0436,0.9542],[0.0018,0.0261,0.9721],[0.0178,0.2832,0.699],[0.0042,0.0881,0.9078],[0.0021,0.0357,0.9623],[0.0017,0.0245,0.9738],[0.0016,0.0223,0.9761],[0.0016,0.0218,0.9765],[0.0016,0.0217,0.9766],[0.2202,0.195,0.5848],[0.7233,0.158,0.1187],[0.929,0.0589,0.0121],[0.9679,0.0296,0.0025],[0.975,0.0233,0.0017],[0.9763,0.022,0.0016],[0.9766,0.0218,0.0016],[0.9766,0.0217,0.0016],[0.9767,0.0217,0.0016],[0.7072,0.2751,0.0177],[0.3688,0.6063,0.0249],[0.7523,0.2394,0.0083],[0.9229,0.074,0.0031],[0.9655,0.0326,0.0019],[0.6873,0.2948,0.0179],[0.904,0.0918,0.0042],[0.9614,0.0365,0.0021],[0.6802,0.3018,0.018],[0.3451,0.6302,0.0247],[0.7352,0.2561,0.0087],[0.3911,0.5884,0.0205],[0